species,elevation,soil_type,sepal_length,sepal_width,petal_length,petal_width,sepal_area,petal_area,sepal_to_petal_length_ratio,sepal_to_petal_width_ratio,petal_curvature_mm,petal_texture_trichomes_per_mm2,leaf_area_cm2,area_ratios
virginica,241.8,loamy,6.59,3.42,5.42,2.0,22.5378,10.84,1.2158671586715868,1.71,10.33,6.91,65.46,2.0791328413284136
virginica,101.5,loamy,6.36,3.18,5.25,1.88,20.2248,9.87,1.2114285714285715,1.6914893617021278,14.13,12.3,63.48,2.049118541033435
virginica,130.4,sandy,7.75,2.22,6.33,1.81,17.205000000000002,11.4573,1.2243285939968405,1.2265193370165746,12.04,9.84,73.34,1.50166269539944
virginica,166.4,clay,6.94,3.96,6.32,2.68,27.4824,16.937600000000003,1.0981012658227849,1.4776119402985073,12.08,9.27,71.52,1.622567542036652
virginica,285.8,loamy,5.97,3.19,4.18,1.71,19.0443,7.147799999999999,1.4282296650717703,1.865497076023392,9.59,10.37,64.47,2.664358264081256
virginica,282.9,clay,7.28,3.48,4.56,2.28,25.3344,10.3968,1.5964912280701755,1.5263157894736843,10.02,11.26,59.93,2.436749769159742
virginica,101.7,loamy,6.29,3.47,5.93,1.65,21.8263,9.7845,1.06070826306914,2.1030303030303035,10.35,8.19,61.11,2.23070161990904
virginica,139.6,sandy,6.7,2.03,6.31,1.72,13.601,10.8532,1.0618066561014263,1.1802325581395348,12.09,8.37,78.37,1.2531787859801715
virginica,87.3,clay,6.1,3.38,5.17,2.81,20.618,14.5277,1.1798839458413926,1.202846975088968,12.16,11.3,65.71,1.4192198352113548
virginica,177.5,clay,6.57,3.65,6.3,1.94,23.9805,12.222,1.042857142857143,1.881443298969072,15.09,6.59,67.63,1.962076583210604
virginica,165.1,loamy,5.48,3.44,5.62,2.9,18.8512,16.298,0.9750889679715304,1.186206896551724,12.77,8.83,80.15,1.1566572585593329
virginica,275.2,clay,6.7,3.02,4.59,2.2,20.234,10.098,1.459694989106754,1.3727272727272726,6.58,16.08,62.14,2.0037631214101803
virginica,282.5,loamy,6.82,3.15,5.72,1.51,21.483,8.6372,1.1923076923076923,2.086092715231788,12.53,8.06,64.91,2.4872643912379013
virginica,145.9,sandy,7.13,2.53,5.78,1.78,18.0389,10.2884,1.2335640138408304,1.4213483146067414,9.1,12.3,64.62,1.7533241320321913
virginica,172.9,clay,7.28,3.87,4.8,1.93,28.1736,9.264,1.5166666666666668,2.005181347150259,10.07,8.83,81.33,3.04119170984456
virginica,274.1,loamy,5.98,3.53,5.28,2.05,21.1094,10.824,1.1325757575757576,1.721951219512195,10.38,11.02,83.95,1.950240206947524
virginica,251.7,clay,5.94,3.18,5.6,2.74,18.8892,15.344,1.060714285714286,1.1605839416058394,10.67,11.31,75.26,1.2310479666319083
virginica,50.9,loamy,6.83,2.75,5.65,2.09,18.7825,11.8085,1.208849557522124,1.3157894736842106,9.25,12.26,75.48,1.590591523055426
virginica,130.0,loamy,6.33,3.31,6.15,2.13,20.9523,13.0995,1.0292682926829269,1.5539906103286385,12.41,9.6,65.94,1.5994732623382573
virginica,155.4,loamy,6.61,3.21,5.7,1.98,21.2181,11.286,1.1596491228070176,1.621212121212121,9.18,13.98,83.63,1.8800372142477408
virginica,107.4,sandy,5.49,2.73,5.37,1.69,14.9877,9.0753,1.0223463687150838,1.6153846153846154,12.71,8.82,71.87,1.651482595616674
virginica,99.9,clay,6.72,3.26,5.32,2.92,21.9072,15.5344,1.263157894736842,1.1164383561643836,16.47,10.47,75.97,1.4102379235760631
virginica,59.4,sandy,7.88,1.93,5.14,1.56,15.2084,8.0184,1.5330739299610896,1.237179487179487,9.34,10.49,69.26,1.8966876184775017
virginica,210.8,loamy,5.71,2.56,5.87,1.97,14.6176,11.5639,0.9727427597955708,1.2994923857868022,11.43,7.76,68.12,1.264071809683584
virginica,115.6,loamy,6.25,3.36,6.23,1.5,21.0,9.345,1.0032102728731942,2.24,6.95,9.43,81.64,2.2471910112359548
virginica,63.1,sandy,7.07,2.3,5.9,1.48,16.261,8.732000000000001,1.1983050847457626,1.554054054054054,11.4,10.32,73.78,1.862230874942739
virginica,107.7,sandy,7.35,2.76,6.61,2.1,20.286,13.881000000000002,1.1119515885022693,1.314285714285714,13.29,9.14,80.16,1.4614220877458393
virginica,250.5,clay,5.73,3.37,6.39,2.27,19.3101,14.5053,0.8967136150234742,1.4845814977973568,13.44,14.88,71.79,1.331244441686832
virginica,262.9,loamy,6.23,3.18,6.7,1.72,19.811400000000003,11.524,0.9298507462686568,1.8488372093023255,12.15,8.32,64.06,1.7191426587990282
virginica,170.8,sandy,7.11,3.21,5.45,1.59,22.8231,8.665500000000002,1.3045871559633029,2.0188679245283017,13.78,12.36,65.92,2.633789163925913
virginica,154.0,loamy,5.51,2.98,5.79,1.97,16.4198,11.4063,0.9516407599309152,1.512690355329949,17.09,11.71,70.72,1.4395377992863592
virginica,294.5,loamy,6.47,2.77,6.28,2.26,17.9219,14.1928,1.0302547770700636,1.2256637168141593,15.42,9.97,65.61,1.2627458993292373
virginica,100.1,clay,7.5,2.74,5.04,2.37,20.55,11.9448,1.488095238095238,1.1561181434599157,10.95,8.27,62.25,1.7204139039582078
virginica,103.8,clay,7.92,2.85,6.48,2.24,22.572,14.515200000000002,1.222222222222222,1.2723214285714284,9.1,8.46,78.41,1.5550595238095235
virginica,123.0,clay,7.24,4.03,4.9,2.15,29.177200000000003,10.535,1.4775510204081632,1.874418604651163,11.19,8.96,66.19,2.7695491219743715
virginica,93.2,sandy,6.28,2.97,6.1,1.56,18.6516,9.516,1.0295081967213116,1.903846153846154,10.11,6.43,70.97,1.9600252206809583
virginica,144.8,loamy,6.78,3.58,5.46,2.52,24.2724,13.7592,1.2417582417582418,1.4206349206349207,12.9,7.99,72.07,1.7640851212279784
virginica,277.7,sandy,6.12,2.41,5.56,1.49,14.749200000000002,8.2844,1.1007194244604317,1.6174496644295302,9.64,7.04,65.88,1.7803582637245912
virginica,203.8,sandy,6.15,2.49,5.6,1.74,15.313500000000005,9.744,1.0982142857142858,1.4310344827586208,11.85,12.69,80.16,1.5715825123152714
virginica,153.0,clay,6.71,2.93,5.54,1.63,19.6603,9.0302,1.211191335740072,1.797546012269939,13.68,11.24,62.18,2.1771721556554677
virginica,283.6,loamy,5.34,2.57,4.71,1.55,13.7238,7.3005,1.1337579617834397,1.6580645161290322,11.8,11.57,71.83,1.8798438463118965
virginica,62.1,loamy,6.54,3.14,5.25,2.52,20.5356,13.23,1.2457142857142858,1.246031746031746,10.11,11.18,71.72,1.552199546485261
virginica,102.6,clay,6.88,2.89,6.24,2.37,19.8832,14.788800000000002,1.1025641025641024,1.219409282700422,14.35,10.33,69.62,1.3444769014389266
virginica,191.5,loamy,5.36,2.66,5.76,2.33,14.257600000000002,13.4208,0.9305555555555556,1.1416309012875536,8.24,12.92,60.92,1.0623509775870292
virginica,203.9,clay,6.81,3.1,5.22,1.91,21.111,9.970199999999998,1.3045977011494252,1.6230366492146595,11.34,8.78,76.1,2.1174098814467115
virginica,59.9,sandy,7.07,2.83,7.01,1.98,20.0081,13.8798,1.008559201141227,1.4292929292929293,11.92,10.21,75.2,1.441526534964481
virginica,150.8,sandy,5.95,2.6,5.96,1.6,15.47,9.536,0.9983221476510068,1.625,12.03,11.49,65.27,1.622273489932886
virginica,212.3,clay,5.51,2.91,5.97,2.16,16.0341,12.8952,0.9229480737018424,1.347222222222222,12.36,7.36,74.95,1.2434161548483154
virginica,224.5,sandy,7.71,2.04,5.36,1.7,15.7284,9.112,1.4384328358208955,1.2,13.22,16.19,72.62,1.7261194029850746
virginica,209.5,sandy,7.81,2.43,5.59,2.03,18.9783,11.347699999999998,1.3971377459749552,1.1970443349753697,11.93,10.06,61.04,1.6724358239995774
virginica,130.1,clay,6.98,3.2,5.91,2.29,22.336,13.5339,1.1810490693739426,1.3973799126637556,11.26,10.28,64.02,1.6503742454133694
virginica,73.4,sandy,7.47,2.65,5.97,1.14,19.7955,6.805799999999999,1.2512562814070352,2.3245614035087723,11.18,12.51,77.97,2.908622057656705
virginica,156.8,loamy,6.03,2.84,5.02,2.49,17.1252,12.4998,1.201195219123506,1.1405622489959837,10.78,11.83,72.17,1.3700379206067297
virginica,82.2,sandy,6.53,2.53,7.05,1.59,16.5209,11.2095,0.926241134751773,1.591194968553459,13.58,10.08,66.05,1.473830233284268
virginica,286.9,clay,5.64,3.03,5.7,2.13,17.089199999999998,12.141,0.9894736842105264,1.4225352112676055,10.71,10.26,63.99,1.407561156412157
virginica,168.8,loamy,6.72,3.13,5.3,2.03,21.0336,10.759,1.2679245283018867,1.541871921182266,13.69,6.99,66.39,1.9549772283669489
virginica,129.3,loamy,7.08,3.4,4.71,2.25,24.072,10.5975,1.5031847133757965,1.511111111111111,12.04,8.89,66.89,2.2714791224345365
virginica,241.6,sandy,6.72,2.92,5.47,1.91,19.6224,10.4477,1.2285191956124315,1.5287958115183249,10.96,11.03,64.08,1.8781550006221464
virginica,174.5,loamy,7.82,3.24,5.74,2.0,25.336800000000004,11.48,1.362369337979094,1.62,13.24,10.89,57.81,2.2070383275261327
virginica,127.5,clay,6.16,3.44,6.0,1.8,21.1904,10.8,1.0266666666666666,1.911111111111111,10.55,12.44,77.98,1.962074074074074
virginica,253.0,loamy,6.61,3.54,5.65,1.92,23.3994,10.848,1.1699115044247788,1.84375,13.28,9.76,76.79,2.1570243362831856
virginica,266.8,sandy,6.37,2.26,5.84,1.37,14.3962,8.0008,1.0907534246575343,1.64963503649635,12.43,7.23,61.09,1.7993450654934504
virginica,218.3,sandy,6.16,2.23,5.01,1.58,13.7368,7.9158,1.2295409181636727,1.4113924050632911,10.81,12.11,70.95,1.7353647136107533
virginica,61.7,loamy,4.88,3.63,5.65,1.9,17.714399999999998,10.735,0.8637168141592919,1.9105263157894736,13.06,12.87,63.68,1.6501537028411737
virginica,191.6,clay,6.47,2.85,6.05,2.13,18.4395,12.8865,1.0694214876033057,1.3380281690140847,13.09,11.8,68.17,1.4309160749621697
virginica,240.8,clay,6.51,3.6,6.49,2.83,23.436,18.3667,1.003081664098613,1.2720848056537102,14.32,9.67,67.59,1.2760049437296843
virginica,84.1,sandy,6.64,2.5,6.01,1.45,16.599999999999998,8.7145,1.1048252911813643,1.7241379310344829,13.93,12.09,67.01,1.904871191692008
virginica,107.2,sandy,6.92,2.54,5.51,1.8,17.5768,9.918,1.2558983666061707,1.4111111111111112,12.98,16.86,84.02,1.772212139544263
virginica,270.6,clay,6.0,2.87,5.17,1.79,17.22,9.2543,1.1605415860735009,1.6033519553072626,9.74,10.23,66.92,1.8607566212463396
virginica,55.0,loamy,7.66,3.44,6.89,1.63,26.3504,11.2307,1.111756168359942,2.110429447852761,16.9,7.38,64.34,2.346282956538773
virginica,238.2,loamy,6.21,2.93,4.88,1.1,18.1953,5.368,1.272540983606557,2.663636363636364,9.19,8.83,64.66,3.3895864381520115
virginica,168.4,loamy,7.46,3.21,4.98,1.97,23.9466,9.8106,1.497991967871486,1.6294416243654823,13.9,11.25,77.31,2.440890465414959
virginica,161.7,loamy,6.21,2.97,5.13,1.57,18.4437,8.0541,1.2105263157894737,1.89171974522293,12.86,6.79,58.44,2.2899765336909157
virginica,51.8,clay,7.3,3.96,5.84,1.9,28.908,11.096,1.25,2.0842105263157897,9.65,10.34,64.66,2.6052631578947367
virginica,254.8,sandy,6.41,2.48,5.84,1.71,15.8968,9.9864,1.0976027397260275,1.4502923976608186,11.75,10.76,80.13,1.591844909076344
virginica,140.0,sandy,6.99,2.53,6.41,1.56,17.6847,9.9996,1.0904836193447738,1.6217948717948716,11.84,13.07,71.71,1.768540741629665
virginica,185.2,loamy,6.69,3.08,5.51,1.84,20.6052,10.1384,1.2141560798548094,1.6739130434782608,14.61,12.62,71.34,2.0323916988873982
virginica,219.3,clay,7.3,3.06,5.54,2.05,22.338,11.357,1.3176895306859204,1.4926829268292685,10.57,11.73,84.93,1.966892665316545
virginica,225.7,clay,6.75,3.49,6.36,1.61,23.5575,10.2396,1.0613207547169812,2.1677018633540373,11.48,5.67,71.72,2.300626977616313
virginica,289.0,loamy,7.23,2.23,4.36,1.85,16.1229,8.066,1.6582568807339448,1.2054054054054053,7.33,11.84,65.04,1.998871807587404
virginica,182.8,loamy,5.87,3.48,5.92,1.48,20.4276,8.7616,0.991554054054054,2.3513513513513518,15.47,11.41,68.03,2.331491964937911
virginica,149.9,loamy,6.72,3.59,5.08,1.52,24.1248,7.7216,1.3228346456692912,2.361842105263158,9.86,10.51,62.05,3.124326564442602
virginica,288.4,sandy,7.44,2.97,4.57,1.43,22.0968,6.5351,1.6280087527352298,2.076923076923077,12.65,6.54,78.79,3.3812489479885546
virginica,210.5,loamy,7.81,3.45,5.25,1.61,26.9445,8.4525,1.4876190476190476,2.142857142857143,11.8,8.45,74.02,3.1877551020408164
virginica,124.5,sandy,6.92,2.55,6.21,1.52,17.645999999999997,9.4392,1.1143317230273753,1.6776315789473684,11.8,7.67,77.87,1.8694380879735568
virginica,81.6,clay,7.55,2.88,6.23,2.65,21.744,16.5095,1.2118780096308186,1.0867924528301889,13.62,5.97,78.49,1.3170598746176445
virginica,260.6,clay,6.87,3.82,6.45,2.46,26.2434,15.867,1.0651162790697677,1.5528455284552845,15.34,9.99,67.1,1.653961051238419
virginica,140.5,sandy,6.52,2.08,5.16,1.66,13.5616,8.5656,1.263565891472868,1.2530120481927711,12.5,8.4,63.39,1.5832632857009434
virginica,215.1,sandy,5.32,2.57,5.6,2.43,13.6724,13.608,0.95,1.0576131687242798,13.31,15.25,69.64,1.0047325102880658
virginica,167.7,sandy,6.36,2.17,5.78,1.73,13.8012,9.9994,1.1003460207612457,1.2543352601156068,12.66,9.66,63.89,1.3802028121687302
virginica,99.7,sandy,5.42,2.9,6.01,1.67,15.718,10.0367,0.9018302828618968,1.7365269461077844,14.04,12.59,71.15,1.5660525870056892
virginica,200.4,loamy,6.68,3.34,5.86,1.94,22.3112,11.3684,1.1399317406143343,1.7216494845360824,11.07,6.86,77.92,1.962562893634988
virginica,65.2,clay,6.74,3.64,6.14,2.49,24.5336,15.2886,1.0977198697068404,1.461847389558233,14.15,8.94,68.82,1.604698925997148
virginica,153.3,loamy,5.69,3.14,5.87,2.2,17.866600000000002,12.914,0.9693356047700172,1.4272727272727272,14.22,10.19,71.05,1.3835062722626608
virginica,186.7,sandy,5.94,2.27,5.18,1.65,13.4838,8.546999999999999,1.1467181467181469,1.3757575757575755,14.17,8.18,69.34,1.5776061776061778
virginica,159.0,loamy,7.68,2.61,6.39,2.3,20.0448,14.696999999999996,1.2018779342723005,1.1347826086956525,10.68,9.16,75.62,1.3638701775872628
virginica,237.2,loamy,6.0,2.64,5.28,1.58,15.84,8.342400000000001,1.1363636363636362,1.6708860759493671,11.66,9.56,65.33,1.8987341772151896
virginica,257.0,clay,7.02,3.5,6.02,2.07,24.57,12.461399999999998,1.1661129568106312,1.6908212560386475,12.48,9.53,54.62,1.9716885743174928
virginica,242.8,loamy,7.27,3.4,6.35,1.52,24.718,9.652,1.1448818897637796,2.236842105263158,9.26,13.71,73.3,2.5609200165768757
virginica,59.7,clay,7.22,3.25,5.57,2.7,23.465,15.039,1.2962298025134649,1.2037037037037035,15.19,10.76,76.91,1.560276614136578
virginica,98.5,sandy,8.29,2.64,5.28,1.6,21.8856,8.448,1.5700757575757571,1.65,11.98,10.96,73.12,2.590625
virginica,184.2,loamy,5.93,3.3,5.73,1.79,19.569,10.2567,1.0349040139616057,1.8435754189944131,12.57,11.08,65.52,1.9079236011582672
virginica,283.7,sandy,6.42,2.55,4.46,1.52,16.371,6.7792,1.4394618834080717,1.6776315789473684,10.85,11.23,62.05,2.414886712296436
virginica,258.7,clay,6.92,3.43,5.05,2.11,23.7356,10.655499999999998,1.3702970297029704,1.6255924170616116,9.35,9.83,73.46,2.2275444606071986
virginica,260.6,sandy,7.21,2.78,4.75,1.56,20.0438,7.41,1.5178947368421052,1.782051282051282,10.79,9.36,70.99,2.7049662618083667
virginica,125.8,sandy,5.64,2.57,5.04,1.81,14.494799999999998,9.1224,1.119047619047619,1.4198895027624308,12.44,10.33,69.12,1.5889239673770057
virginica,157.4,clay,6.03,3.69,6.57,2.09,22.2507,13.7313,0.9178082191780822,1.7655502392344498,13.35,12.31,82.76,1.6204365209412075
virginica,167.7,sandy,6.81,2.42,4.52,1.61,16.4802,7.2772,1.5066371681415929,1.5031055900621118,12.32,12.25,63.37,2.2646347496289785
virginica,89.3,sandy,7.32,2.67,5.8,1.95,19.5444,11.31,1.2620689655172417,1.3692307692307693,12.69,9.52,82.43,1.7280636604774535
virginica,57.8,sandy,6.85,2.65,5.48,1.75,18.1525,9.59,1.2499999999999998,1.5142857142857142,11.33,11.54,70.22,1.8928571428571428
virginica,286.7,loamy,5.77,2.89,5.09,1.92,16.6753,9.7728,1.1335952848722983,1.5052083333333337,12.99,9.61,57.15,1.7062970694171578
virginica,110.2,sandy,7.07,2.62,5.57,1.59,18.5234,8.856300000000001,1.2692998204667862,1.6477987421383649,14.97,10.07,68.75,2.091550647561623
virginica,110.0,clay,7.18,3.52,6.37,2.15,25.2736,13.6955,1.127158555729984,1.6372093023255814,13.41,9.05,76.72,1.8453944726369973
virginica,70.8,loamy,7.02,3.12,6.23,1.85,21.9024,11.5255,1.1268057784911716,1.6864864864864864,13.62,9.64,67.44,1.900342718320246
virginica,282.1,loamy,6.49,3.72,5.41,1.46,24.1428,7.8986,1.199630314232902,2.5479452054794525,12.59,12.68,59.68,3.056592307497531
virginica,194.9,clay,6.7,3.37,4.89,1.81,22.579,8.8509,1.3701431492842535,1.861878453038674,8.99,10.18,68.85,2.5510400072309034
virginica,216.8,sandy,6.87,2.73,5.77,1.3,18.7551,7.500999999999999,1.1906412478336224,2.1,9.91,10.27,64.0,2.5003466204506064
virginica,277.9,loamy,7.14,3.17,5.28,2.04,22.6338,10.7712,1.352272727272727,1.553921568627451,12.91,7.11,73.44,2.1013257575757573
virginica,136.4,loamy,6.88,3.09,5.19,2.27,21.2592,11.781300000000002,1.3256262042389209,1.3612334801762114,11.98,9.38,75.41,1.8044867714089277
virginica,205.4,loamy,7.17,3.0,5.6,2.01,21.51,11.255999999999998,1.280357142857143,1.492537313432836,12.88,9.52,62.61,1.9109808102345416
virginica,59.7,sandy,7.02,2.89,5.47,1.75,20.2878,9.5725,1.283363802559415,1.6514285714285717,15.35,8.34,65.06,2.119383651083834
virginica,96.7,loamy,8.65,3.05,6.21,1.83,26.3825,11.3643,1.392914653784219,1.6666666666666663,13.45,10.04,75.3,2.3215244229736984
virginica,257.8,clay,6.78,3.55,6.33,2.23,24.069,14.1159,1.0710900473933649,1.5919282511210762,14.52,9.14,63.99,1.70509850594011
virginica,241.7,sandy,6.95,2.35,6.01,1.86,16.3325,11.1786,1.156405990016639,1.2634408602150538,12.19,10.16,62.42,1.4610505787844632
virginica,137.7,clay,7.57,3.3,5.29,2.27,24.981,12.0083,1.4310018903591684,1.4537444933920705,10.39,10.24,61.75,2.080311118143284
virginica,144.2,clay,6.33,2.94,6.43,2.56,18.6102,16.4608,0.984447900466563,1.1484375,11.88,8.09,72.46,1.1305768856920684
virginica,183.4,loamy,6.14,3.5,5.26,2.04,21.49,10.7304,1.1673003802281368,1.7156862745098038,10.39,9.2,72.16,2.0027212405874897
virginica,50.1,loamy,5.91,2.61,6.4,2.19,15.4251,14.016,0.9234375,1.191780821917808,15.12,10.15,65.21,1.100535102739726
virginica,110.3,loamy,7.65,2.9,5.98,1.49,22.185,8.910200000000001,1.279264214046823,1.9463087248322144,13.58,12.37,70.04,2.4898431011649564
virginica,102.1,clay,6.91,3.25,7.84,2.95,22.4575,23.128,0.8813775510204082,1.1016949152542372,13.04,10.51,80.69,0.9710091663784156
virginica,112.6,sandy,5.82,2.03,6.62,2.18,11.8146,14.4316,0.879154078549849,0.9311926605504586,14.47,8.68,63.18,0.8186618254386206
virginica,251.5,loamy,6.7,3.33,4.63,1.94,22.311,8.982199999999999,1.4470842332613392,1.7164948453608249,7.96,10.8,56.34,2.4839126271960104
virginica,119.9,loamy,7.42,2.75,5.08,1.47,20.405,7.4676,1.4606299212598426,1.870748299319728,13.18,13.42,73.19,2.7324709411323584
virginica,97.9,clay,7.43,3.2,4.29,2.09,23.776,8.966099999999999,1.7319347319347318,1.5311004784688995,9.38,11.83,69.23,2.6517660967421737
virginica,176.1,sandy,6.22,2.29,5.1,1.75,14.2438,8.924999999999999,1.219607843137255,1.3085714285714285,11.99,11.1,65.03,1.595943977591037
virginica,266.4,clay,6.71,3.34,4.94,2.34,22.4114,11.5596,1.3582995951417005,1.4273504273504274,11.38,11.45,74.56,1.9387695075954183
virginica,110.3,loamy,5.51,3.06,5.27,2.06,16.860599999999998,10.8562,1.045540796963947,1.4854368932038835,13.32,12.88,75.87,1.5530848731600375
virginica,69.6,clay,6.43,3.4,6.52,1.76,21.862,11.4752,0.9861963190184048,1.9318181818181817,12.46,12.15,54.54,1.9051519799219183
virginica,139.1,loamy,6.41,2.28,6.5,1.95,14.6148,12.675,0.9861538461538462,1.169230769230769,14.69,11.13,65.43,1.1530414201183432
virginica,236.9,sandy,6.75,2.65,5.38,2.23,17.8875,11.9974,1.254646840148699,1.1883408071748878,10.8,12.14,86.22,1.4909480387417275
virginica,187.7,clay,5.99,3.49,5.78,2.19,20.9051,12.6582,1.0363321799307958,1.5936073059360731,13.42,7.84,74.08,1.6515065333143732
virginica,254.2,loamy,5.88,3.41,5.57,1.99,20.0508,11.0843,1.0556552962298025,1.71356783919598,12.32,7.0,74.73,1.8089369648962943
virginica,289.9,loamy,7.15,2.82,5.36,1.69,20.163,9.0584,1.333955223880597,1.6686390532544375,8.73,10.31,78.21,2.225889781859931
virginica,248.2,loamy,5.37,3.12,4.73,1.68,16.7544,7.946400000000001,1.135306553911205,1.8571428571428568,10.16,10.14,70.12,2.1084264572636666
virginica,201.0,loamy,5.21,2.9,4.29,1.61,15.109,6.9069,1.2144522144522143,1.8012422360248446,11.7,8.91,75.58,2.187522622305231
virginica,173.3,clay,5.84,2.89,5.52,2.24,16.8776,12.3648,1.0579710144927537,1.2901785714285714,14.22,11.65,75.03,1.3649715320910971
virginica,60.0,loamy,7.18,2.73,6.23,1.87,19.6014,11.650100000000002,1.1524879614767254,1.459893048128342,12.93,6.27,73.77,1.682509163011476
virginica,296.1,clay,6.86,3.13,5.3,2.44,21.4718,12.932,1.2943396226415096,1.2827868852459017,9.66,8.93,67.75,1.660361892978658
virginica,145.9,loamy,6.98,2.85,5.85,1.88,19.893,10.998,1.1931623931623934,1.5159574468085109,11.72,9.03,71.2,1.808783415166394
virginica,88.1,clay,6.28,2.88,6.17,2.38,18.0864,14.6846,1.0178282009724473,1.2100840336134453,16.04,6.73,65.88,1.2316576549582556
virginica,216.7,clay,5.72,3.32,4.61,1.74,18.9904,8.0214,1.2407809110629069,1.908045977011494,12.22,12.99,70.09,2.367467025706236
virginica,121.1,loamy,6.87,2.3,5.11,2.02,15.800999999999998,10.3222,1.344422700587084,1.1386138613861383,11.35,7.28,61.82,1.5307783224506402
virginica,196.4,loamy,5.82,3.11,5.84,2.23,18.1002,13.0232,0.9965753424657536,1.3946188340807175,12.98,8.82,64.47,1.389842742183181
virginica,196.7,loamy,5.68,2.43,5.07,2.13,13.8024,10.7991,1.1203155818540431,1.1408450704225352,13.53,11.82,68.02,1.2781065088757395
virginica,161.4,loamy,6.18,2.52,4.88,1.85,15.5736,9.028,1.2663934426229508,1.362162162162162,11.09,11.29,63.39,1.7250332299512623
virginica,259.0,sandy,6.44,2.57,5.32,1.76,16.5508,9.3632,1.2105263157894737,1.4602272727272727,13.01,7.78,66.46,1.767643540669856
virginica,116.2,loamy,6.11,3.1,5.17,2.26,18.941000000000003,11.6842,1.181818181818182,1.3716814159292037,11.34,11.36,68.85,1.6210780370072408
virginica,162.2,loamy,6.34,2.84,6.15,2.22,18.005599999999998,13.653000000000002,1.0308943089430893,1.279279279279279,13.44,10.58,72.82,1.3188017285578255
virginica,184.4,loamy,5.91,2.9,5.93,1.7,17.139,10.081,0.9966273187183812,1.7058823529411764,12.34,14.67,76.64,1.7001289554607677
virginica,215.9,clay,5.83,3.25,6.11,2.41,18.9475,14.7251,0.9541734860883796,1.3485477178423235,12.96,10.81,66.75,1.2867484770901385
virginica,246.0,loamy,7.13,2.54,4.85,1.73,18.1102,8.3905,1.4701030927835053,1.4682080924855492,10.48,9.72,79.35,2.1584172576127765
virginica,148.7,clay,7.63,3.23,6.55,2.43,24.6449,15.9165,1.164885496183206,1.3292181069958846,10.36,8.29,76.57,1.548386894103603
virginica,211.5,clay,6.15,3.47,5.54,1.85,21.3405,10.249,1.1101083032490977,1.875675675675676,13.89,8.51,73.53,2.082203141769929
virginica,87.7,clay,6.69,3.26,6.54,1.85,21.8094,12.099,1.0229357798165135,1.762162162162162,11.84,8.35,71.08,1.8025787255145052
virginica,283.2,clay,6.04,3.21,4.65,2.42,19.3884,11.253,1.2989247311827956,1.3264462809917357,12.57,12.74,72.23,1.7229538789656091
virginica,145.8,sandy,6.98,2.53,5.5,1.52,17.659399999999998,8.36,1.2690909090909093,1.664473684210526,11.39,10.04,78.31,2.1123684210526315
virginica,232.4,loamy,6.71,3.57,5.39,1.94,23.9547,10.4566,1.2448979591836735,1.8402061855670104,13.8,11.13,78.57,2.2908689248895437
virginica,55.1,clay,6.08,3.33,5.74,2.46,20.2464,14.1204,1.059233449477352,1.353658536585366,10.78,13.03,79.34,1.4338404011217811
virginica,101.3,loamy,6.47,3.33,5.16,1.51,21.5451,7.7916,1.253875968992248,2.205298013245033,11.73,5.28,70.29,2.765170183274295
virginica,171.8,clay,5.53,3.26,6.02,2.4,18.0278,14.448,0.9186046511627908,1.3583333333333334,13.57,12.56,73.88,1.2477713178294574
virginica,269.6,sandy,5.39,2.32,5.85,1.88,12.504799999999998,10.998,0.9213675213675212,1.2340425531914894,14.35,10.11,79.4,1.13700672849609
virginica,181.8,clay,5.08,3.2,5.22,2.28,16.256,11.901599999999998,0.9731800766283526,1.4035087719298247,10.95,10.87,65.63,1.3658667742152315
virginica,282.5,loamy,6.84,3.15,5.8,2.39,21.546,13.862,1.179310344827586,1.3179916317991631,15.92,8.34,67.77,1.554321165776944
virginica,170.9,loamy,6.21,3.45,5.23,1.55,21.4245,8.1065,1.187380497131931,2.2258064516129035,12.63,8.49,70.11,2.642879171035589
virginica,172.6,sandy,6.74,2.76,5.92,1.85,18.6024,10.952,1.1385135135135136,1.4918918918918918,9.91,10.98,76.3,1.6985390796201607
virginica,79.9,loamy,8.14,2.73,5.51,2.08,22.2222,11.4608,1.4773139745916517,1.3125,12.74,14.77,76.41,1.9389745916515424
virginica,250.7,loamy,7.28,2.55,6.17,1.9,18.564,11.723,1.179902755267423,1.3421052631578947,11.23,12.01,68.38,1.58355369785891
virginica,111.7,clay,5.93,3.38,6.11,2.03,20.0434,12.4033,0.9705400981996726,1.665024630541872,12.87,12.53,59.44,1.615973168430982
virginica,274.9,loamy,5.54,3.02,6.03,1.79,16.7308,10.7937,0.9187396351575456,1.6871508379888267,11.91,9.62,71.72,1.5500523453496018
virginica,277.7,clay,7.05,3.35,5.37,2.41,23.6175,12.9417,1.312849162011173,1.3900414937759336,12.15,8.8,63.57,1.8249148102644936
virginica,285.8,sandy,6.19,2.11,6.19,1.64,13.0609,10.1516,1.0,1.2865853658536586,10.18,8.44,59.57,1.2865853658536586
virginica,180.1,loamy,7.0,3.16,5.48,1.99,22.12,10.9052,1.2773722627737223,1.5879396984924623,13.98,9.02,61.15,2.0283901258115398
virginica,219.3,clay,6.91,3.83,4.62,2.09,26.465300000000003,9.6558,1.4956709956709957,1.832535885167464,9.69,5.89,72.28,2.740870771971251
virginica,244.6,loamy,6.56,3.1,5.6,2.08,20.336,11.648,1.1714285714285717,1.4903846153846154,9.78,8.55,79.53,1.745879120879121
virginica,82.8,clay,6.73,2.99,6.62,1.8,20.1227,11.916,1.0166163141993958,1.6611111111111112,12.73,8.88,70.27,1.6887126552534408
virginica,200.2,sandy,6.12,1.91,5.94,2.16,11.6892,12.8304,1.0303030303030305,0.8842592592592592,15.21,9.65,71.48,0.9110549943883276
virginica,58.6,clay,7.32,3.49,5.49,2.48,25.5468,13.6152,1.3333333333333333,1.4072580645161292,11.29,10.26,78.28,1.8763440860215053
virginica,174.4,loamy,6.74,2.75,5.45,1.72,18.535,9.374,1.236697247706422,1.5988372093023255,13.4,10.72,59.19,1.9772775762748025
virginica,88.7,clay,6.54,3.1,7.25,2.5,20.274,18.125,0.9020689655172414,1.24,14.15,9.97,73.64,1.118565517241379
virginica,95.7,loamy,7.63,3.11,5.96,2.03,23.7293,12.0988,1.2802013422818792,1.5320197044334976,13.63,8.84,69.92,1.9612936820180515
virginica,141.3,sandy,6.96,2.73,5.36,2.05,19.0008,10.988,1.2985074626865671,1.3317073170731708,11.38,6.07,73.96,1.7292318893338186
virginica,158.1,clay,6.62,2.6,4.83,2.16,17.212,10.4328,1.370600414078675,1.2037037037037035,9.82,8.85,66.62,1.6497967947243308
virginica,205.8,loamy,6.2,2.58,5.97,2.06,15.996,12.2982,1.0385259631490789,1.2524271844660195,7.58,8.06,64.27,1.3006781480216618
virginica,68.6,loamy,7.18,3.13,6.04,2.05,22.4734,12.382,1.1887417218543046,1.526829268292683,11.47,10.93,70.98,1.815005653367792
virginica,175.9,loamy,6.9,2.75,6.02,2.62,18.975,15.7724,1.1461794019933556,1.049618320610687,14.36,11.82,81.54,1.2030508990388276
virginica,95.7,clay,9.12,2.93,6.37,2.63,26.7216,16.7531,1.43171114599686,1.1140684410646389,9.75,11.88,76.03,1.5950242044755896
virginica,193.5,clay,6.77,3.14,5.6,1.67,21.2578,9.352,1.2089285714285714,1.880239520958084,13.4,11.51,66.45,2.273075278015398
virginica,209.4,clay,5.35,3.11,6.19,1.84,16.638499999999997,11.389600000000002,0.8642972536348948,1.6902173913043477,10.1,9.73,60.61,1.460850249350284
virginica,189.2,sandy,5.11,2.56,4.3,1.86,13.081600000000002,7.998,1.188372093023256,1.3763440860215053,12.21,8.96,58.23,1.6356089022255569
virginica,234.6,loamy,7.55,3.17,4.5,2.01,23.9335,9.044999999999998,1.6777777777777778,1.5771144278606966,13.42,8.51,79.21,2.646047540077391
virginica,133.9,loamy,6.86,3.15,5.18,1.88,21.609,9.7384,1.3243243243243246,1.675531914893617,10.68,6.99,63.31,2.2189476710753318
virginica,241.3,sandy,4.75,2.34,4.62,1.84,11.114999999999998,8.5008,1.028138528138528,1.2717391304347825,12.34,11.98,67.72,1.3075239977413888
virginica,158.2,sandy,6.55,2.13,5.1,1.78,13.9515,9.078,1.2843137254901962,1.196629213483146,11.17,9.65,79.25,1.5368473231989426
virginica,171.0,clay,6.34,3.09,4.99,2.29,19.5906,11.4271,1.2705410821643286,1.3493449781659388,13.41,7.51,58.7,1.714398228771954
virginica,212.0,clay,6.19,3.37,5.25,2.5,20.8603,13.125,1.1790476190476191,1.348,12.47,8.35,80.45,1.5893561904761906
virginica,54.6,clay,5.67,3.58,7.05,1.76,20.2986,12.408,0.8042553191489362,2.034090909090909,12.11,8.27,68.22,1.6359284332688588
virginica,213.5,clay,5.92,3.04,5.28,2.14,17.9968,11.2992,1.121212121212121,1.4205607476635511,15.12,10.09,61.96,1.5927499291985272
virginica,204.6,clay,6.98,2.79,6.33,2.52,19.4742,15.9516,1.1026856240126384,1.1071428571428572,13.32,12.13,68.27,1.2208305122997063
virginica,127.5,clay,6.41,3.7,5.0,1.28,23.717,6.4,1.282,2.890625,10.62,9.3,64.94,3.70578125
virginica,71.4,sandy,6.92,2.38,6.15,1.61,16.4696,9.9015,1.12520325203252,1.4782608695652173,11.83,5.49,73.09,1.663343937787204
virginica,72.7,sandy,5.79,2.66,5.83,1.88,15.4014,10.9604,0.9931389365351628,1.4148936170212767,11.85,9.62,65.46,1.4051859421189008
virginica,280.8,sandy,6.83,3.13,5.86,1.49,21.3779,8.7314,1.1655290102389078,2.100671140939597,12.16,9.69,56.62,2.448393155736766
virginica,222.3,loamy,6.0,3.08,5.88,2.37,18.48,13.9356,1.020408163265306,1.29957805907173,17.05,9.55,68.46,1.3261000602772754
virginica,81.8,loamy,6.19,3.02,6.07,2.03,18.6938,12.3221,1.0197693574958815,1.4876847290640396,12.74,8.75,60.5,1.51709530031407
virginica,139.2,clay,7.57,3.25,6.2,2.16,24.6025,13.392,1.220967741935484,1.5046296296296295,7.93,10.43,71.43,1.837104241338112
virginica,198.1,sandy,5.85,2.59,5.67,1.67,15.1515,9.4689,1.0317460317460316,1.5508982035928145,10.91,10.13,61.69,1.600133067198935
virginica,258.9,loamy,6.56,3.02,4.35,1.58,19.8112,6.872999999999999,1.5080459770114942,1.9113924050632911,8.14,9.95,66.58,2.882467626946021
virginica,60.9,loamy,7.39,2.79,5.08,2.28,20.6181,11.5824,1.4547244094488188,1.223684210526316,11.34,10.83,71.28,1.7801232905097388
virginica,109.2,sandy,6.64,2.6,4.51,1.47,17.264,6.6297,1.4722838137472285,1.7687074829931977,8.03,9.14,68.51,2.6040393984644856
virginica,272.4,loamy,6.23,2.87,4.98,1.34,17.880100000000002,6.673200000000001,1.251004016064257,2.1417910447761197,10.26,9.03,71.75,2.679389198585386
virginica,52.3,loamy,8.1,2.45,5.96,1.74,19.845,10.3704,1.3590604026845636,1.4080459770114944,8.96,12.76,74.76,1.9136195325156211
virginica,100.3,sandy,7.47,2.56,6.56,1.68,19.1232,11.0208,1.138719512195122,1.523809523809524,12.77,11.12,61.89,1.7351916376306622
virginica,289.8,loamy,5.77,3.29,5.68,1.82,18.9833,10.3376,1.0158450704225352,1.807692307692308,12.0,11.65,69.55,1.8363353196099677
virginica,203.4,sandy,7.09,2.23,5.22,1.76,15.8107,9.1872,1.3582375478927204,1.2670454545454546,12.61,12.45,46.69,1.7209487112504354
virginica,115.4,loamy,6.84,3.01,6.03,1.83,20.5884,11.0349,1.1343283582089552,1.6448087431693987,11.79,11.05,71.73,1.865753201207079
virginica,66.7,sandy,7.79,2.81,4.56,1.4,21.8899,6.384,1.7083333333333337,2.007142857142857,9.21,11.86,67.89,3.428869047619048
virginica,57.0,loamy,6.68,3.47,5.97,2.1,23.1796,12.537,1.11892797319933,1.6523809523809525,13.03,6.84,63.12,1.8488952700007977
virginica,111.2,loamy,7.72,2.77,6.08,2.28,21.3844,13.8624,1.269736842105263,1.2149122807017545,15.84,10.41,72.21,1.5426188827331486
virginica,270.4,sandy,7.54,2.49,6.37,1.42,18.774600000000003,9.0454,1.183673469387755,1.7535211267605637,12.82,9.63,78.21,2.075596435757402
virginica,154.0,loamy,6.16,2.64,5.07,1.45,16.2624,7.351500000000001,1.2149901380670611,1.8206896551724137,11.15,13.36,66.67,2.212119975515201
virginica,230.1,sandy,7.02,2.48,4.7,1.46,17.409599999999998,6.862,1.4936170212765956,1.6986301369863015,9.14,11.86,63.39,2.537102885456135
virginica,279.6,sandy,5.92,3.0,5.4,1.33,17.759999999999998,7.182000000000001,1.096296296296296,2.255639097744361,10.18,8.74,71.16,2.4728487886382617
virginica,152.0,loamy,6.24,2.96,5.0,2.47,18.4704,12.35,1.248,1.1983805668016194,12.91,10.75,60.65,1.495578947368421
virginica,97.8,clay,6.83,3.05,6.58,2.6,20.8315,17.108,1.0379939209726443,1.173076923076923,14.15,10.34,65.38,1.2176467149871404
virginica,179.3,loamy,7.09,3.0,5.39,2.14,21.27,11.5346,1.3153988868274582,1.4018691588785046,12.52,10.91,78.56,1.8440171310665303
virginica,277.0,clay,6.71,3.42,5.93,2.76,22.9482,16.366799999999998,1.1315345699831367,1.2391304347826089,13.6,7.96,70.44,1.4021189236747564
virginica,251.1,clay,6.63,3.21,4.63,1.43,21.2823,6.6209,1.431965442764579,2.244755244755245,13.42,10.72,56.84,3.2144119379540546
virginica,66.5,loamy,6.75,3.33,5.5,2.07,22.4775,11.385,1.2272727272727273,1.6086956521739133,13.01,9.54,57.42,1.9743083003952568
virginica,223.1,clay,7.07,3.2,5.28,1.9,22.624,10.032,1.3390151515151516,1.6842105263157896,10.68,10.56,71.13,2.25518341307815
virginica,193.0,sandy,6.1,2.62,5.77,1.63,15.982,9.4051,1.0571923743500866,1.6073619631901843,12.35,8.55,76.04,1.6992908103050473
virginica,276.9,sandy,6.23,2.0,5.19,1.67,12.46,8.667300000000001,1.2003853564547209,1.1976047904191618,10.3,8.83,58.68,1.4375872532391862
virginica,80.6,clay,6.79,3.25,5.53,2.49,22.0675,13.769700000000002,1.2278481012658229,1.3052208835341363,12.03,12.35,73.15,1.6026129835798888
virginica,183.5,sandy,5.57,2.6,6.09,1.62,14.482,9.8658,0.9146141215106732,1.6049382716049383,12.66,7.9,79.31,1.467899207362809
virginica,269.9,loamy,6.43,3.24,5.61,1.95,20.8332,10.9395,1.1461675579322637,1.6615384615384616,15.36,8.04,83.22,1.904401480872069
virginica,152.5,sandy,7.61,2.6,5.14,1.75,19.786,8.995,1.480544747081712,1.4857142857142858,9.38,9.9,72.32,2.199666481378544
virginica,170.5,clay,5.96,3.13,5.69,2.11,18.6548,12.0059,1.047451669595782,1.4834123222748816,12.96,8.46,73.55,1.5538027136657808
virginica,67.6,loamy,8.38,2.77,5.85,2.21,23.2126,12.9285,1.4324786324786327,1.253393665158371,14.96,8.23,55.07,1.7954596434234444
virginica,119.5,sandy,7.34,2.6,5.8,1.77,19.084,10.266,1.2655172413793103,1.4689265536723164,13.52,10.21,84.7,1.8589518799922076
virginica,131.1,loamy,5.3,2.8,6.65,1.36,14.839999999999998,9.044,0.7969924812030075,2.0588235294117645,13.67,6.99,65.97,1.640866873065015
virginica,286.3,clay,4.55,3.59,6.1,1.79,16.3345,10.919,0.7459016393442623,2.005586592178771,13.18,7.98,63.47,1.4959703269530178
virginica,120.7,sandy,6.21,2.17,6.03,1.54,13.4757,9.2862,1.0298507462686566,1.409090909090909,14.6,14.11,68.21,1.4511533242876524
virginica,165.2,loamy,6.82,2.12,5.25,1.77,14.4584,9.2925,1.299047619047619,1.1977401129943503,9.83,10.92,80.58,1.5559214420231369
virginica,217.8,loamy,6.39,2.9,4.77,1.61,18.531,7.679699999999999,1.339622641509434,1.8012422360248446,9.23,8.51,85.46,2.412984882221962
virginica,90.5,sandy,6.97,2.66,6.23,1.26,18.5402,7.849800000000001,1.118780096308186,2.111111111111111,11.99,10.84,70.88,2.3618690922061703
virginica,171.6,loamy,6.72,2.44,5.96,1.69,16.3968,10.0724,1.12751677852349,1.4437869822485208,7.68,11.13,76.99,1.627894047099003
virginica,234.6,loamy,6.46,3.33,4.24,2.34,21.5118,9.9216,1.5235849056603772,1.4230769230769231,14.46,11.99,70.3,2.168178519593614
virginica,266.7,clay,7.55,3.42,4.84,2.45,25.821,11.858,1.5599173553719008,1.3959183673469386,14.44,9.75,62.74,2.1775172879068982
virginica,206.6,clay,5.57,3.76,5.49,2.18,20.9432,11.9682,1.0145719489981786,1.7247706422018347,11.13,11.95,80.34,1.7499039120335556
virginica,217.3,clay,5.46,2.79,5.04,2.19,15.2334,11.0376,1.0833333333333333,1.273972602739726,11.26,5.92,65.65,1.38013698630137
virginica,81.6,clay,7.93,3.36,6.66,2.14,26.6448,14.252400000000002,1.190690690690691,1.5700934579439252,11.86,7.89,80.75,1.8694956638881868
virginica,286.4,clay,6.16,3.63,4.44,2.55,22.3608,11.322,1.3873873873873872,1.423529411764706,12.1,10.33,79.09,1.97498675145734
virginica,83.1,clay,7.06,4.21,5.82,1.82,29.7226,10.5924,1.2130584192439862,2.313186813186813,12.25,10.66,74.3,2.806030739020429
virginica,243.7,sandy,7.22,2.68,5.87,1.79,19.3496,10.5073,1.229982964224872,1.4972067039106145,13.12,8.18,82.8,1.841538739733328
virginica,116.2,clay,7.18,3.78,5.93,1.94,27.1404,11.5042,1.2107925801011803,1.9484536082474224,11.65,10.52,85.63,2.359173171537352
virginica,283.4,loamy,6.42,2.75,5.23,2.5,17.655,13.075,1.2275334608030593,1.1,13.89,8.75,68.77,1.350286806883365
virginica,230.0,sandy,6.89,2.42,5.99,1.63,16.6738,9.7637,1.1502504173622703,1.4846625766871169,12.89,9.45,64.34,1.7077337484764996
virginica,238.5,loamy,6.6,2.31,5.16,2.05,15.246,10.578,1.2790697674418603,1.126829268292683,10.79,12.05,56.95,1.4412932501418037
virginica,104.8,clay,6.95,3.19,5.45,2.7,22.1705,14.715000000000002,1.275229357798165,1.1814814814814814,14.67,11.82,85.71,1.5066598708800545
virginica,160.8,clay,5.19,3.23,4.41,1.69,16.7637,7.4529,1.1768707482993197,1.911242603550296,9.28,8.01,66.92,2.249285513021777
virginica,204.5,loamy,6.49,3.06,5.0,1.69,19.8594,8.45,1.298,1.8106508875739649,11.82,7.89,77.95,2.350224852071006
virginica,242.5,loamy,7.16,3.32,6.75,1.66,23.7712,11.205,1.0607407407407408,2.0,13.93,9.18,64.81,2.121481481481481
virginica,76.0,loamy,6.64,3.12,5.22,2.04,20.7168,10.6488,1.2720306513409962,1.5294117647058825,10.55,9.95,80.77,1.945458643227406
virginica,290.6,sandy,6.75,2.35,6.27,1.8,15.8625,11.286,1.0765550239234452,1.3055555555555556,12.62,8.68,65.1,1.4055023923444978
virginica,272.6,clay,7.19,2.71,4.63,2.17,19.4849,10.0471,1.552915766738661,1.2488479262672811,13.09,12.08,61.66,1.9393556349593415
virginica,117.6,loamy,6.28,2.65,4.81,1.88,16.642,9.042799999999998,1.3056133056133057,1.4095744680851063,10.28,10.69,68.54,1.840359180784713
virginica,255.7,clay,5.85,3.61,5.12,1.81,21.1185,9.2672,1.142578125,1.9944751381215469,11.86,10.81,66.28,2.278843663674033
virginica,179.6,loamy,6.11,3.2,4.65,1.51,19.552000000000003,7.0215000000000005,1.313978494623656,2.119205298013245,11.69,7.47,74.17,2.78459018728192
virginica,165.5,clay,6.49,2.62,5.12,1.98,17.003800000000002,10.1376,1.267578125,1.323232323232323,10.9,12.33,69.64,1.6773003472222223
virginica,128.6,sandy,6.66,2.91,6.63,2.02,19.3806,13.3926,1.004524886877828,1.4405940594059403,16.6,4.36,74.39,1.4471125845616235
virginica,195.2,clay,6.55,3.11,4.58,2.42,20.3705,11.0836,1.430131004366812,1.2851239669421488,10.47,11.67,67.96,1.837895629578837
virginica,232.5,loamy,7.22,2.64,5.55,2.08,19.0608,11.544,1.300900900900901,1.2692307692307692,14.01,11.87,65.34,1.651143451143451
virginica,152.7,clay,6.06,3.56,4.89,2.42,21.5736,11.833799999999998,1.2392638036809815,1.4710743801652892,11.21,9.14,65.92,1.823049231861279
virginica,207.3,sandy,6.95,2.23,6.09,1.54,15.4985,9.3786,1.1412151067323482,1.448051948051948,9.83,12.55,84.31,1.6525387584500884
virginica,224.8,sandy,6.73,2.45,5.8,1.82,16.488500000000002,10.556,1.160344827586207,1.3461538461538465,12.21,9.87,71.58,1.5620026525198942
virginica,227.8,clay,5.1,3.2,4.55,2.41,16.32,10.9655,1.120879120879121,1.3278008298755186,13.3,10.12,56.11,1.4883042268934386
virginica,63.0,loamy,8.24,3.39,6.63,2.18,27.9336,14.4534,1.2428355957767725,1.555045871559633,13.84,10.68,66.36,1.9326663622400264
virginica,264.9,sandy,6.47,2.1,5.24,1.91,13.587,10.0084,1.234732824427481,1.099476439790576,15.12,16.37,70.68,1.357559649894089
virginica,164.6,sandy,5.26,2.6,5.47,1.93,13.676,10.557099999999998,0.9616087751371116,1.3471502590673576,17.89,12.69,82.92,1.2954315105474044
virginica,115.6,clay,7.27,3.44,5.71,1.69,25.0088,9.6499,1.2732049036777582,2.035502958579882,12.5,11.4,77.2,2.59161234831449
virginica,110.4,sandy,7.27,2.73,5.76,1.52,19.8471,8.7552,1.2621527777777777,1.7960526315789471,10.67,8.17,63.55,2.266892817982456
virginica,170.8,sandy,6.73,2.89,5.71,1.59,19.449700000000004,9.0789,1.1786339754816113,1.8176100628930816,12.91,10.29,86.93,2.1422969743030547
virginica,271.7,loamy,6.14,3.14,5.27,2.64,19.2796,13.9128,1.1650853889943074,1.1893939393939394,11.47,8.37,69.78,1.3857455005462596
virginica,144.6,loamy,5.81,2.94,5.72,2.26,17.0814,12.927199999999996,1.0157342657342656,1.3008849557522124,13.85,11.64,78.72,1.3213534253357264
virginica,237.4,loamy,7.03,3.07,4.33,1.81,21.5821,7.8373,1.6235565819861433,1.6961325966850826,9.41,10.28,61.91,2.7537672412693146
virginica,74.2,clay,6.99,2.99,4.81,2.99,20.9001,14.3819,1.4532224532224534,1.0,16.74,7.75,53.21,1.4532224532224534
virginica,169.0,sandy,5.98,2.53,5.58,1.76,15.1294,9.8208,1.07168458781362,1.4374999999999998,13.71,10.16,60.14,1.540546594982079
virginica,297.9,clay,5.92,2.74,4.66,1.83,16.2208,8.527800000000001,1.2703862660944203,1.4972677595628416,8.63,8.3,47.25,1.9021083984145968
virginica,242.6,sandy,6.89,2.87,5.41,1.85,19.7743,10.008500000000002,1.2735674676524953,1.5513513513513513,10.58,10.3,84.78,1.975750611979817
virginica,102.6,sandy,7.47,2.14,6.14,1.61,15.9858,9.8854,1.216612377850163,1.329192546583851,13.63,8.28,71.5,1.6171121047200925
virginica,175.4,sandy,7.09,2.76,5.1,1.55,19.5684,7.904999999999999,1.3901960784313727,1.7806451612903225,14.35,10.05,63.53,2.475445920303605
virginica,108.4,loamy,6.34,3.09,5.7,2.17,19.5906,12.369,1.112280701754386,1.423963133640553,9.46,11.5,73.17,1.5838467135580887
virginica,152.4,clay,6.42,3.18,5.49,2.54,20.4156,13.9446,1.169398907103825,1.251968503937008,13.43,9.89,71.33,1.464050600232348
virginica,245.0,clay,6.09,3.43,5.34,2.38,20.8887,12.7092,1.1404494382022472,1.4411764705882355,8.11,9.22,74.35,1.6435888962326504
virginica,242.8,sandy,6.64,2.78,4.83,1.16,18.4592,5.602799999999999,1.3747412008281572,2.396551724137931,11.82,10.41,78.47,3.2946383950881706
virginica,107.0,clay,6.65,2.54,6.08,1.75,16.891000000000002,10.64,1.09375,1.4514285714285715,14.22,11.39,67.97,1.5875
virginica,280.6,loamy,7.23,3.35,6.17,1.63,24.2205,10.057099999999998,1.1717990275526744,2.0552147239263805,10.9,7.79,63.84,2.4082986149088708
virginica,198.1,clay,6.69,3.01,4.6,1.72,20.1369,7.911999999999999,1.454347826086957,1.75,8.99,10.52,75.79,2.5451086956521745
virginica,145.0,sandy,5.75,1.96,5.82,1.65,11.27,9.603,0.9879725085910652,1.187878787878788,12.29,12.64,75.62,1.17359158596272
virginica,175.5,loamy,6.13,3.21,5.34,1.79,19.6773,9.5586,1.147940074906367,1.7932960893854748,10.79,11.15,70.71,2.058596447178457
virginica,201.3,loamy,6.35,3.25,6.28,2.07,20.6375,12.9996,1.0111464968152866,1.570048309178744,13.26,10.12,85.24,1.5875488476568511
virginica,190.0,sandy,6.8,2.75,4.44,1.68,18.7,7.4592,1.5315315315315314,1.636904761904762,10.23,11.28,66.94,2.506971256971257
virginica,171.6,clay,5.88,3.36,4.13,1.91,19.7568,7.888299999999999,1.423728813559322,1.7591623036649215,10.45,10.9,63.7,2.5045700594551423
virginica,176.2,sandy,6.17,2.43,5.22,1.88,14.9931,9.8136,1.181992337164751,1.2925531914893618,7.96,11.51,72.93,1.5277879677182686
virginica,94.1,clay,7.74,3.48,6.52,2.31,26.9352,15.0612,1.187116564417178,1.5064935064935066,12.34,5.95,65.28,1.7883833957453592
virginica,253.2,clay,5.54,3.54,4.82,1.76,19.6116,8.4832,1.1493775933609958,2.011363636363636,11.68,6.89,73.47,2.311816295737457
virginica,185.4,loamy,6.94,3.36,5.72,2.39,23.3184,13.6708,1.2132867132867131,1.405857740585774,9.62,12.01,64.17,1.7057085174239983
virginica,82.8,sandy,7.48,2.67,5.52,1.42,19.9716,7.838399999999999,1.3550724637681162,1.880281690140845,12.39,6.99,67.2,2.5479179424372327
virginica,241.5,loamy,6.73,3.48,5.71,2.28,23.4204,13.0188,1.1786339754816113,1.5263157894736843,14.05,10.8,83.24,1.7989676467877227
virginica,283.1,sandy,7.01,2.8,6.08,1.87,19.628,11.3696,1.1529605263157894,1.497326203208556,11.57,9.3,67.16,1.7263580073177591
virginica,286.8,sandy,5.56,2.73,5.2,1.8,15.1788,9.36,1.0692307692307692,1.5166666666666666,12.54,8.01,64.41,1.6216666666666664
virginica,142.3,loamy,6.47,3.14,5.09,2.1,20.3158,10.689,1.2711198428290766,1.4952380952380953,12.55,10.7,78.19,1.9006268126110957
virginica,83.9,sandy,7.15,2.46,5.46,1.24,17.589000000000002,6.7704,1.3095238095238095,1.9838709677419355,9.59,10.4,62.64,2.5979262672811063
virginica,179.6,sandy,6.69,2.27,6.17,1.93,15.1863,11.9081,1.0842787682333874,1.1761658031088082,16.11,14.22,65.15,1.2752916082330517
virginica,78.2,clay,7.54,3.92,5.39,2.02,29.5568,10.8878,1.3988868274582562,1.9405940594059403,11.06,8.75,74.04,2.714671467146715
virginica,283.5,sandy,5.16,2.19,5.07,2.02,11.3004,10.2414,1.0177514792899407,1.0841584158415842,13.31,12.88,76.57,1.103403831507411
virginica,95.9,sandy,5.92,2.73,5.39,1.52,16.1616,8.1928,1.098330241187384,1.7960526315789471,13.54,10.7,78.54,1.972658920027341
virginica,113.2,loamy,7.35,3.15,5.76,2.11,23.1525,12.1536,1.2760416666666667,1.4928909952606635,11.72,8.68,64.77,1.904991113744076
virginica,151.7,loamy,5.76,3.36,5.86,2.07,19.3536,12.1302,0.9829351535836176,1.6231884057971016,13.21,11.6,74.17,1.5954889449473215
virginica,145.8,sandy,6.83,2.28,5.48,1.5,15.572399999999998,8.22,1.2463503649635037,1.5199999999999998,12.49,11.13,66.74,1.8944525547445248
virginica,248.7,clay,6.65,3.04,4.85,2.2,20.216,10.67,1.371134020618557,1.3818181818181816,9.16,10.07,65.76,1.894657919400188
virginica,164.1,clay,6.82,4.22,5.09,2.62,28.7804,13.3358,1.3398821218074657,1.6106870229007633,11.34,10.53,78.42,2.1581307458120245
virginica,92.7,loamy,6.0,3.34,6.57,2.3,20.04,15.111,0.91324200913242,1.4521739130434783,10.77,8.81,66.15,1.3261862219575145
virginica,116.8,sandy,7.04,2.9,5.69,1.56,20.416,8.8764,1.2372583479789103,1.8589743589743588,11.08,8.35,71.95,2.3000315443197694
virginica,177.3,sandy,6.95,2.43,5.38,1.42,16.8885,7.6396,1.29182156133829,1.711267605633803,9.39,11.52,71.09,2.210652390177496
virginica,86.9,clay,6.72,3.58,6.08,2.21,24.0576,13.4368,1.1052631578947367,1.6199095022624437,14.25,9.55,62.5,1.7904262919742795
virginica,202.9,clay,5.37,3.11,5.18,2.97,16.7007,15.3846,1.0366795366795367,1.047138047138047,15.2,9.84,76.76,1.0855465855465856
virginica,191.4,clay,6.44,3.29,5.81,2.49,21.1876,14.4669,1.1084337349397593,1.321285140562249,13.96,10.56,73.92,1.464557023273818
virginica,228.7,loamy,7.26,3.26,5.86,2.04,23.6676,11.9544,1.2389078498293515,1.5980392156862744,14.54,10.53,56.1,1.979823328648865
virginica,284.4,sandy,6.44,2.45,5.87,1.4,15.778000000000002,8.218,1.0971039182282794,1.7500000000000002,11.31,7.14,71.94,1.9199318568994888
virginica,278.1,loamy,6.07,3.2,4.64,2.05,19.424000000000003,9.512,1.308189655172414,1.5609756097560978,10.73,12.57,64.59,2.0420521446593782
virginica,286.5,sandy,5.99,2.74,4.72,2.14,16.4126,10.1008,1.2690677966101696,1.280373831775701,10.44,10.24,77.68,1.6248811975289088
virginica,111.2,loamy,7.43,2.55,6.29,1.86,18.9465,11.6994,1.1812400635930047,1.3709677419354838,13.29,9.59,59.88,1.6194420226678288
virginica,82.9,sandy,6.57,2.51,6.69,1.76,16.4907,11.7744,0.9820627802690582,1.4261363636363635,12.45,10.86,67.5,1.400555442315532
virginica,125.6,clay,6.45,3.2,6.24,2.01,20.64,12.5424,1.0336538461538465,1.5920398009950252,11.85,10.47,72.53,1.6456180635285116
virginica,273.8,clay,6.11,3.5,4.98,2.82,21.385,14.0436,1.2269076305220885,1.2411347517730498,14.59,11.53,70.38,1.5227576974564927
virginica,293.0,clay,6.5,3.64,5.59,2.0,23.66,11.18,1.162790697674419,1.82,12.81,11.08,75.34,2.116279069767442
virginica,264.8,loamy,7.05,3.3,5.12,2.25,23.265,11.52,1.376953125,1.4666666666666666,10.32,11.44,59.37,2.01953125
virginica,77.5,clay,6.52,3.46,5.32,1.9,22.5592,10.108,1.225563909774436,1.8210526315789477,10.64,12.7,81.56,2.23181638306292
virginica,286.9,sandy,6.48,2.65,5.8,1.31,17.172,7.598,1.1172413793103448,2.0229007633587783,13.36,11.77,73.68,2.2600684390629118
virginica,155.8,loamy,6.8,3.42,5.45,2.47,23.256,13.4615,1.2477064220183485,1.3846153846153846,14.08,9.68,79.52,1.727593507410021
virginica,52.3,sandy,8.03,3.01,5.81,2.02,24.1703,11.7362,1.3820998278829604,1.49009900990099,13.1,7.75,76.12,2.059465585112728
virginica,160.6,loamy,6.26,3.07,4.99,2.1,19.2182,10.479,1.254509018036072,1.4619047619047618,15.79,13.34,69.92,1.8339727073194003
virginica,61.5,sandy,6.98,1.97,6.52,1.63,13.7506,10.6276,1.0705521472392638,1.2085889570552149,15.27,9.52,61.01,1.2938575031051227
virginica,186.0,sandy,6.45,2.51,6.23,1.64,16.1895,10.2172,1.0353130016051364,1.5304878048780488,12.88,9.05,66.06,1.5845339231883488
virginica,134.6,loamy,6.99,3.01,6.41,1.15,21.0399,7.371499999999999,1.0904836193447738,2.617391304347826,10.32,6.53,81.13,2.854222342806756
virginica,168.4,loamy,5.98,3.26,4.88,2.37,19.4948,11.5656,1.225409836065574,1.3755274261603374,9.38,10.68,79.7,1.68558483779484
virginica,203.3,clay,6.04,3.08,5.49,2.58,18.6032,14.1642,1.1001821493624773,1.193798449612403,11.23,10.3,65.66,1.3133957442001667
virginica,267.2,clay,5.38,3.06,6.09,2.32,16.4628,14.128799999999998,0.8834154351395731,1.3189655172413794,13.51,6.97,50.27,1.1651944963478855
virginica,215.5,sandy,6.01,1.8,5.92,2.14,10.818,12.6688,1.0152027027027026,0.8411214953271028,15.65,10.91,68.51,0.8539088153574134
virginica,158.5,sandy,5.2,1.74,5.77,1.42,9.048,8.193399999999999,0.9012131715771232,1.2253521126760565,12.83,9.0,67.99,1.1043034637635172
virginica,254.9,sandy,6.35,2.91,5.98,1.89,18.4785,11.3022,1.0618729096989965,1.5396825396825398,14.34,15.38,68.25,1.6349471784254392
virginica,276.4,loamy,5.61,3.06,5.83,2.47,17.166600000000003,14.400100000000002,0.9622641509433962,1.2388663967611335,11.51,8.86,73.7,1.1921167214116568
virginica,79.9,loamy,6.83,3.25,5.07,2.03,22.1975,10.2921,1.3471400394477318,1.600985221674877,13.25,9.13,76.13,2.156751294682329
virginica,183.0,clay,6.97,4.11,5.67,2.49,28.646700000000003,14.1183,1.2292768959435625,1.6506024096385543,13.65,8.25,76.93,2.029047406557446
virginica,121.1,sandy,7.12,2.25,5.17,1.26,16.02,6.5142,1.377176015473888,1.7857142857142858,8.04,12.56,73.12,2.4592428847748
virginica,61.8,clay,6.49,3.1,6.52,2.03,20.119,13.235599999999998,0.9953987730061352,1.5270935960591134,11.17,9.25,57.39,1.520067091782768
virginica,217.1,loamy,6.05,3.6,6.11,2.07,21.78,12.6477,0.9901800327332242,1.7391304347826089,13.9,8.55,67.61,1.72205223084039
virginica,265.7,loamy,6.98,2.58,5.13,2.15,18.0084,11.0295,1.3606237816764133,1.2000000000000002,12.55,11.41,86.13,1.6327485380116962
virginica,90.7,loamy,7.53,2.65,5.79,1.54,19.9545,8.9166,1.300518134715026,1.7207792207792207,9.61,7.24,72.62,2.237904582464168
virginica,253.1,clay,7.03,3.46,5.27,2.36,24.3238,12.4372,1.3339658444022773,1.4661016949152543,7.14,11.25,72.57,1.955729585437237
virginica,263.3,loamy,7.42,2.75,5.07,1.82,20.405,9.2274,1.4635108481262329,1.510989010989011,11.27,13.56,72.52,2.211348808981945
virginica,278.6,sandy,6.01,2.33,4.83,1.9,14.0033,9.177,1.2443064182194616,1.2263157894736842,11.86,11.13,72.91,1.5259126076059717
virginica,116.3,clay,6.82,3.29,4.68,1.89,22.437800000000003,8.845199999999998,1.4572649572649574,1.740740740740741,10.23,11.28,53.32,2.5367204811649264
virginica,276.0,loamy,6.33,2.95,5.93,2.19,18.6735,12.9867,1.067453625632378,1.3470319634703198,12.29,11.74,68.32,1.4378941532490934
virginica,130.2,clay,7.02,3.15,6.1,2.68,22.113,16.348,1.1508196721311474,1.1753731343283582,13.01,13.42,69.73,1.3526425250795204
virginica,188.1,clay,6.94,3.42,4.99,1.83,23.7348,9.1317,1.3907815631262526,1.8688524590163933,13.34,12.42,78.97,2.5991655442031605
virginica,62.6,loamy,7.85,2.86,5.63,1.75,22.451,9.8525,1.3943161634103018,1.634285714285714,7.29,10.88,70.33,2.278710987059122
virginica,61.0,loamy,6.42,3.06,5.77,1.78,19.6452,10.2706,1.1126516464471403,1.7191011235955056,9.37,11.81,58.47,1.912760695577668
virginica,230.1,clay,6.54,3.31,5.61,2.28,21.6474,12.7908,1.1657754010695187,1.4517543859649125,11.39,8.23,73.01,1.6924195515526788
virginica,161.1,clay,6.91,3.3,6.77,2.6,22.803,17.602,1.020679468242245,1.2692307692307692,13.14,11.55,64.37,1.2954777866151574
virginica,114.1,loamy,6.87,2.84,6.36,2.11,19.5108,13.4196,1.080188679245283,1.3459715639810426,12.98,7.99,61.48,1.4539032459983905
virginica,97.6,sandy,7.03,2.28,5.8,0.93,16.028399999999998,5.394,1.2120689655172414,2.451612903225806,12.94,9.27,64.16,2.971523915461624
virginica,217.5,clay,5.74,3.25,6.31,2.09,18.655,13.1879,0.9096671949286848,1.555023923444976,11.23,3.83,73.8,1.4145542504871893
virginica,50.1,clay,7.18,3.78,5.13,2.42,27.1404,12.4146,1.3996101364522415,1.56198347107438,11.34,10.8,78.81,2.186167899086559
virginica,251.5,sandy,5.63,2.89,4.85,1.72,16.2707,8.341999999999999,1.160824742268041,1.680232558139535,10.54,8.71,73.38,1.9504555262526977
virginica,69.8,loamy,7.0,3.24,6.41,2.31,22.68,14.8071,1.0920436817472698,1.4025974025974026,13.54,12.22,74.42,1.5316976315416253
virginica,97.9,loamy,7.08,2.73,6.72,1.9,19.3284,12.768,1.0535714285714286,1.436842105263158,10.16,10.78,73.31,1.513815789473684
virginica,146.6,sandy,7.69,2.38,5.41,1.76,18.3022,9.5216,1.421441774491682,1.3522727272727273,13.7,12.25,70.71,1.922176945051252
virginica,171.2,loamy,6.16,3.07,5.3,1.88,18.9112,9.964,1.1622641509433962,1.6329787234042554,12.42,7.83,74.88,1.8979526294660785
virginica,138.7,loamy,6.35,3.19,4.78,2.32,20.2565,11.0896,1.328451882845188,1.375,11.91,12.08,53.07,1.826621338912134
virginica,130.2,clay,7.41,3.32,4.85,2.3,24.6012,11.154999999999998,1.527835051546392,1.443478260869565,10.69,14.21,70.78,2.2053966831017484
virginica,291.0,clay,5.67,3.16,4.5,2.11,17.9172,9.495,1.26,1.4976303317535546,9.29,11.53,62.69,1.8870142180094789
virginica,210.4,clay,6.52,3.03,5.82,2.46,19.7556,14.3172,1.1202749140893469,1.2317073170731707,10.7,11.58,78.14,1.3798508088173664
virginica,55.9,sandy,5.42,2.78,6.13,1.68,15.0676,10.2984,0.8841761827079935,1.6547619047619049,11.34,10.34,68.97,1.4631010642429891
virginica,157.5,loamy,5.8,1.93,4.81,2.03,11.194,9.7643,1.205821205821206,0.9507389162561576,7.26,8.95,70.22,1.1464211464211465
virginica,268.8,loamy,5.36,2.51,5.16,1.93,13.4536,9.9588,1.0387596899224807,1.300518134715026,11.61,11.52,59.46,1.3509258143551433
virginica,125.4,clay,7.49,3.06,7.68,2.17,22.9194,16.665599999999998,0.9752604166666669,1.4101382488479264,13.85,6.99,77.12,1.3752520161290325
virginica,73.6,clay,6.79,3.25,4.72,2.26,22.0675,10.667199999999998,1.4385593220338984,1.4380530973451329,13.13,9.16,74.39,2.068724688765562
virginica,239.6,sandy,6.38,2.24,5.3,1.71,14.291200000000002,9.063,1.2037735849056603,1.3099415204678364,11.01,6.46,73.9,1.576873000110339
virginica,201.5,loamy,5.16,3.2,5.64,1.43,16.512,8.065199999999999,0.9148936170212768,2.237762237762238,12.09,8.59,64.31,2.04731438773992
